"Nctrl" <- 9
"Np" <- 7
"N" <- 1127
"prob.mat" <- structure(c(0, 0.512866015971606, 0.0178412132024978, 0.417631344612645, 0.212880143112701, 0.1, 0.0757128810226155, 0.135593220338983, 1, 0, 0.487133984028394, 0.192685102586976, 0.133570792520036, 0.120751341681574, 0.1, 0.259587020648968, 0.752007136485281, 0, 0, 0, 0.0918822479928635, 0.139804096170971, 0.101967799642218, 0.1, 0.36283185840708, 0.112399643175736, 0, 0, 0, 0.211418376449599, 0.184327693677649, 0.107334525939177, 0.1, 0.292035398230089, 0, 0, 0, 0, 0.0383586083853702, 0.07479964381122, 0.147584973166369, 0.1, 0.00983284169124877, 0, 0, 0, 0, 0.132024977698484, 0.0302760463045414, 0.0697674418604651, 0.1, 0, 0, 0, 0, 0, 0.139161462979483, 0.0195903829029386, 0.239713774597496, 0.1, 0, 0, 0, 0, 0, 0.176628010704728, 0, 0, 0.1, 0, 0, 0, 0, 0, 0, 0, 0, 0.1, 0, 0, 0, 0, 0, 0, 0, 0, 0.1, 0, 0, 0), .Dim = c(9, 10))
"plmat" <- structure(c(-0.583913157626571, -0.302285181797896, -0.0278230728737181, 0.180099596182601, 0.454035142214139, -0.212079923120542, 1.10124658035142, 0, 0, 0, 0, 0, 0, 0), .Dim = c(7, 2))
"lr" <- c(0.243352809066972, -0.89749347959315, 0.243352809066972, 1.3841990977271, 0.813775953397034, 0.243352809066972, 0.813775953397034, -0.89749347959315, -0.89749347959315, -1.46791662392321, 0.243352809066972, -0.89749347959315, 1.3841990977271, 0.813775953397034, -0.327070335263089, 0.243352809066972, 1.3841990977271, -0.89749347959315, 1.3841990977271, -2.60876291258334, -0.327070335263089, 0.243352809066972, 1.3841990977271, -0.327070335263089, -0.89749347959315, 0.813775953397034, 0.813775953397034, -0.327070335263089, -0.327070335263089, NA, 0.243352809066972, NA, -1.46791662392321, -1.46791662392321, NA, 1.3841990977271, -0.327070335263089, 0.243352809066972, -0.89749347959315, -0.327070335263089, -0.89749347959315, -0.327070335263089, -0.327070335263089, 2.52504538638722, -0.89749347959315, 0.813775953397034, 1.3841990977271, 0.813775953397034, -0.327070335263089, -0.89749347959315, -2.03833976825327, -1.46791662392321, 0.813775953397034, 0.243352809066972, -0.89749347959315, 0.813775953397034, 0.813775953397034, -0.327070335263089, -0.327070335263089, -0.327070335263089, 1.3841990977271, 0.813775953397034, -0.89749347959315, -0.327070335263089, -0.89749347959315, 0.813775953397034, -0.327070335263089, -0.327070335263089, -0.327070335263089, -0.89749347959315, -0.327070335263089, -1.46791662392321, -0.327070335263089, -0.327070335263089, -0.327070335263089, 0.813775953397034, 1.3841990977271, -0.327070335263089, 1.95462224205716, -0.327070335263089, 0.813775953397034, 1.95462224205716, 0.813775953397034, 1.3841990977271, -0.327070335263089, -1.46791662392321, 0.243352809066972, -0.89749347959315, 1.3841990977271, -0.327070335263089, 0.243352809066972, 0.243352809066972, -1.46791662392321, -0.327070335263089, 0.243352809066972, -0.327070335263089, -0.89749347959315, 1.3841990977271, -0.89749347959315, 0.243352809066972, -0.327070335263089, -0.89749347959315, 0.243352809066972, -0.327070335263089, -1.46791662392321, 1.3841990977271, -0.327070335263089, -0.327070335263089, 1.3841990977271, 0.243352809066972, 0.813775953397034, 1.3841990977271, 0.813775953397034, 1.3841990977271, -0.327070335263089, 0.813775953397034, -0.89749347959315, 0.243352809066972, 1.3841990977271, -2.60876291258334, -1.46791662392321, 0.813775953397034, 0.813775953397034, -0.327070335263089, 1.95462224205716, 1.3841990977271, 0.243352809066972, -0.327070335263089, 1.95462224205716, -0.327070335263089, -1.46791662392321, -0.327070335263089, -0.327070335263089, -0.327070335263089, 1.3841990977271, -0.327070335263089, 0.243352809066972, -0.327070335263089, -0.327070335263089, 1.3841990977271, 0.243352809066972, -1.46791662392321, 0.243352809066972, 1.3841990977271, -0.327070335263089, 0.243352809066972, -2.03833976825327, -0.89749347959315, -1.46791662392321, 0.243352809066972, 0.243352809066972, NA, 0.243352809066972, -0.89749347959315, -0.327070335263089, 0.813775953397034, 0.813775953397034, 0.243352809066972, 0.813775953397034, 1.3841990977271, 0.243352809066972, 1.3841990977271, 0.243352809066972, -0.327070335263089, 1.3841990977271, 0.243352809066972, 1.95462224205716, 0.243352809066972, -0.327070335263089, -1.46791662392321, 0.813775953397034, -0.89749347959315, 0.813775953397034, -0.327070335263089, -0.327070335263089, 0.243352809066972, 0.813775953397034, 0.813775953397034, 0.243352809066972, -0.89749347959315, -0.89749347959315, 1.3841990977271, -0.327070335263089, -0.327070335263089, -0.89749347959315, 0.243352809066972, -0.89749347959315, -0.327070335263089, 0.813775953397034, 0.243352809066972, 1.3841990977271, 0.813775953397034, 1.3841990977271, -0.327070335263089, -0.327070335263089, 0.243352809066972, NA, -0.89749347959315, -0.327070335263089, -0.327070335263089, 0.813775953397034, -0.89749347959315, NA, -1.46791662392321, -0.327070335263089, 0.813775953397034, 0.243352809066972, -0.327070335263089, 0.243352809066972, 0.813775953397034, 0.813775953397034, -0.327070335263089, -0.327070335263089, -2.03833976825327, -0.327070335263089, -0.327070335263089, -0.327070335263089, -0.327070335263089, -0.327070335263089, 1.3841990977271, -1.46791662392321, -1.46791662392321, -0.327070335263089, 0.813775953397034, 0.243352809066972, 0.813775953397034, -0.89749347959315, -0.327070335263089, 0.243352809066972, -0.327070335263089, -0.89749347959315, 0.243352809066972, -0.89749347959315, -0.327070335263089, 1.3841990977271, -0.89749347959315, -0.89749347959315, -1.46791662392321, 0.813775953397034, -0.327070335263089, -1.46791662392321, 0.243352809066972, -1.46791662392321, -0.327070335263089, -0.89749347959315, -0.327070335263089, -0.89749347959315, -0.89749347959315, 0.243352809066972, 2.52504538638722, -0.89749347959315, 1.3841990977271, 0.243352809066972, 0.813775953397034, 0.243352809066972, 0.243352809066972, -0.327070335263089, 1.3841990977271, -0.89749347959315, 0.243352809066972, -0.327070335263089, 1.95462224205716, -0.327070335263089, 0.243352809066972, -0.327070335263089, 0.243352809066972, 0.813775953397034, 2.52504538638722, -0.89749347959315, 0.243352809066972, 0.243352809066972, 0.243352809066972, 0.243352809066972, -0.89749347959315, 0.243352809066972, 0.813775953397034, -0.327070335263089, -0.327070335263089, 1.3841990977271, -0.327070335263089, 1.3841990977271, 0.813775953397034, -2.03833976825327, -0.327070335263089, 0.243352809066972, -0.327070335263089, 1.3841990977271, 0.243352809066972, -0.89749347959315, 0.243352809066972, 0.813775953397034, -0.89749347959315, -2.60876291258334, -0.327070335263089, 0.813775953397034, -0.327070335263089, 0.813775953397034, -0.327070335263089, 1.3841990977271, 0.243352809066972, -1.46791662392321, -0.89749347959315, NA, -1.46791662392321, -0.327070335263089, 0.813775953397034, -0.89749347959315, 0.243352809066972, -1.46791662392321, -0.89749347959315, -0.89749347959315, 0.813775953397034, -0.327070335263089, -1.46791662392321, 0.243352809066972, -0.327070335263089, NA, -1.46791662392321, -0.327070335263089, -1.46791662392321, -0.327070335263089, -1.46791662392321, 0.813775953397034, 1.3841990977271, -0.327070335263089, -0.327070335263089, -0.89749347959315, 0.813775953397034, -1.46791662392321, 2.52504538638722, -0.327070335263089, -0.89749347959315, -0.327070335263089, -0.327070335263089, -0.327070335263089, 0.243352809066972, 0.813775953397034, -0.327070335263089, 1.3841990977271, -0.327070335263089, 1.3841990977271, -0.327070335263089, 0.243352809066972, 1.95462224205716, 0.813775953397034, -0.327070335263089, 2.52504538638722, 0.243352809066972, 0.243352809066972, 0.243352809066972, -0.327070335263089, 1.3841990977271, -0.89749347959315, 0.813775953397034, 0.813775953397034, 0.243352809066972, -1.46791662392321, -0.327070335263089, 1.3841990977271, -0.327070335263089, 0.243352809066972, -0.327070335263089, -0.327070335263089, -0.327070335263089, 0.243352809066972, -0.89749347959315, -0.327070335263089, -0.327070335263089, -2.03833976825327, 