"Nctrl" <- 11
"Np" <- 3
"N" <- 1000
"prob.mat" <- structure(c(0, 0.0187891440501044, 0.504, 0.202202202202202, 0.680698151950719, 0.696787148594378, 0.106203995793901, 0.752321981424149, 0.692466460268318, 0.032355915065723, 1, 0, 0.208768267223382, 0.496, 0.635635635635636, 0.31006160164271, 0.303212851405622, 0.52260778128286, 0.247678018575851, 0.307533539731682, 0.347826086956522, 0, 0, 0.366388308977036, 0, 0.138138138138138, 0.00410677618069815, 0, 0.232386961093586, 0, 0, 0.619817997977755, 0, 0, 0.306889352818372, 0, 0.024024024024024, 0.00513347022587269, 0, 0.138801261829653, 0, 0, 0, 0, 0, 0.0991649269311065, 0, 0, 0, 0, 0, 0, 0, 0, 0), .Dim = c(11, 5))
"plmat" <- structure(c(-0.217945801150233, 0.343581149359921, 0.0404614477815794, 0, 0, 0), .Dim = c(3, 2))
"lr" <- c(0.260696723948186, -0.293114969413246, -0.293114969413246, 0.260696723948186, -0.293114969413246, -0.293114969413246, 0.260696723948186, -0.293114969413246, 0.260696723948186, -0.293114969413246, 1.36832011067105, -0.846926662774678, 0.260696723948186, 1.92213180403248, 1.92213180403248, -2.50836174285897, -0.293114969413246, 0.260696723948186, -1.40073835613611, -0.293114969413246, 0.260696723948186, -0.293114969413246, 0.260696723948186, -0.293114969413246, 0.260696723948186, -0.293114969413246, 0.260696723948186, 0.260696723948186, 0.814508417309618, 0.260696723948186, 0.260696723948186, -0.293114969413246, 0.814508417309618, -0.293114969413246, 0.260696723948186, 0.260696723948186, 0.260696723948186, -0.846926662774678, -1.95455004949754, 1.36832011067105, 0.260696723948186, 0.260696723948186, -0.846926662774678, -2.50836174285897, 0.260696723948186, 0.260696723948186, 1.36832011067105, NA, 1.36832011067105, NA, -1.95455004949754, -0.293114969413246, 1.36832011067105, 1.36832011067105, -0.293114969413246, 1.36832011067105, 1.36832011067105, -0.846926662774678, 1.36832011067105, -0.293114969413246, 1.36832011067105, -0.293114969413246, -0.293114969413246, -1.95455004949754, -0.293114969413246, 1.36832011067105, -0.846926662774678, -0.293114969413246, NA, -2.50836174285897, NA, -0.293114969413246, -0.293114969413246, -0.846926662774678, 1.36832011067105, -0.293114969413246, 1.36832011067105, -0.293114969413246, 1.92213180403248, -0.293114969413246, 1.92213180403248, 1.92213180403248, 1.92213180403248, 1.92213180403248, -0.293114969413246, -0.293114969413246, 1.92213180403248, 1.92213180403248, 0.260696723948186, 1.92213180403248, -0.846926662774678, -0.846926662774678, -0.293114969413246, -0.846926662774678, -0.846926662774678, -0.293114969413246, -0.293114969413246, -0.846926662774678, -0.846926662774678, -0.293114969413246, -0.293114969413246, -0.293114969413246, -0.293114969413246, -0.293114969413246, -0.293114969413246, -0.293114969413246, 0.814508417309618, -0.293114969413246, -0.293114969413246, 0.814508417309618, 0.260696723948186, 0.260696723948186, 1.92213180403248, -0.846926662774678, 0.260696723948186, -0.293114969413246, -0.293114969413246, -0.293114969413246, 1.92213180403248, -0.293114969413246, -0.293114969413246, -0.846926662774678, -0.293114969413246, -0.293114969413246, -0.293114969413246, -0.293114969413246, -0.293114969413246, -0.293114969413246, 0.814508417309618, -0.293114969413246, -0.846926662774678, -0.293114969413246, 0.260696723948186, 0.260696723948186, 0.260696723948186, -0.846926662774678, -0.293114969413246, -0.293114969413246, 0.260696723948186, -0.293114969413246, -1.40073835613611, -0.846926662774678, -0.846926662774678, -1.40073835613611, 0.814508417309618, -0.846926662774678, -0.293114969413246, -0.293114969413246, 0.814508417309618, 0.814508417309618, 0.260696723948186, -1.40073835613611, 0.814508417309618, -0.293114969413246, -0.293114969413246, -0.846926662774678, 0.814508417309618, -0.293114969413246, -0.293114969413246, 0.814508417309618, 1.92213180403248, -2.50836174285897, -1.95455004949754, 1.92213180403248, -1.40073835613611, -0.846926662774678, -0.293114969413246, -0.846926662774678, -0.846926662774678, -0.293114969413246, -0.293114969413246, -2.50836174285897, 1.92213180403248, 0.260696723948186, 0.814508417309618, -0.293114969413246, -1.40073835613611, -0.293114969413246, -0.293114969413246, -0.293114969413246, -1.40073835613611, -0.293114969413246, -1.40073835613611, -0.293114969413246, 1.92213180403248, -0.293114969413246, 1.92213180403248, -0.293114969413246, -0.293114969413246, -0.293114969413246, -0.293114969413246, -0.293114969413246, 1.92213180403248, 1.92213180403248, -0.293114969413246, 1.92213180403248, -1.40073835613611, -0.293114969413246, -0.293114969413246, 1.92213180403248, 0.260696723948186, -0.293114969413246, -1.40073835613611, 1.92213180403248, -1.95455004949754, 1.92213180403248, -1.40073835613611, -0.846926662774678, -0.293114969413246, 0.260696723948186, NA, -0.846926662774678, -0.846926662774678, -0.293114969413246, 1.36832011067105, -0.293114969413246, 0.814508417309618, 0.814508417309618, -1.40073835613611, 0.814508417309618, -0.293114969413246, -0.846926662774678, 2.47594349739391, -0.293114969413246, 2.47594349739391, -0.293114969413246, -0.293114969413246, -0.846926662774678, 0.814508417309618, 0.260696723948186, -0.293114969413246, -0.293114969413246, -1.95455004949754, -0.293114969413246, -0.293114969413246, -0.846926662774678, 1.36832011067105, 0.260696723948186, 0.814508417309618, -0.846926662774678, -0.846926662774678, 1.36832011067105, -0.293114969413246, -0.846926662774678, -0.293114969413246, -1.40073835613611, 0.260696723948186, -0.293114969413246, -0.846926662774678, 2.47594349739391, 0.814508417309618, 2.47594349739391, 2.47594349739391, -0.293114969413246, 2.47594349739391, 2.47594349739391, 2.47594349739391, 2.47594349739391, 2.47594349739391, -1.40073835613611, -1.40073835613611, 0.260696723948186, 0.260696723948186, 0.814508417309618, 0.260696723948186, -1.40073835613611, -0.293114969413246, -1.95455004949754, -0.293114969413246, -0.293114969413246, -0.846926662774678, -0.293114969413246, 2.47594349739391, -0.293114969413246, NA, -0.846926662774678, -0.293114969413246, 1.36832011067105, NA, -0.293114969413246, 0.814508417309618, -0.293114969413246, -0.293114969413246, -0.293114969413246, -0.293114969413246, -0.846926662774678, 0.260696723948186, -0.293114969413246, -0.293114969413246, -0.293114969413246, -1.40073835613611, 0.260696723948186, NA, NA, 0.260696723948186, NA, NA, -0.846926662774678, NA, -0.293114969413246, NA, -1.40073835613611, -0.293114969413246, -0.293114969413246, -0.293114969413246, -1.40073835613611, -0.293114969413246, -0.293114969413246, 0.260696723948186, -0.293114969413246, -2.50836174285897, -0.293114969413246, -0.293114969413246, 0.260696723948186, -0.293114969413246, -0.293114969413246, 0.814508417309618, -0.293114969413246, -0.293114969413246, -0.293114969413246, -0.846926662774678, -0.293114969413246, -0.293114969413246, 0.260696723948186, -0.293114969413246, -0.293114969413246, NA, -1.40073835613611, NA, -0.293114969413246, NA, -0.293114969413246, -0.293114969413246, NA, -0.293114969413246, 0.814508417309618, -1.40073835613611, -1.95455004949754, 0.260696723948186, -0.293114969413246, NA, NA, NA, -0.293114969413246, -1.95455004949754, NA, -0.293114969413246, 0.260696723948186, NA, 1.92213180403248, 0.260696723948186, -0.293114969413246, 1.36832011067105, -0.293114969413246, NA, -0.293114969413246, -1.40073835613611, -0.846926662774678, -0.293114969413246, -0.293114969413246, -0.293114969413246, -0.293114969413246, -0.293114969413246, -0.293114969413246, 0.814508417309618, 1.92213180403248, -0.846926662774678, -0.293114969413246, -0.293114969413246, -0.293114969413246, -0.846926662774678, NA, -1.40073835613611, -1.40073835613611, 1.36832011067105, -0.293114969413246, -0.293114969413246, -1.95455004949754, 0.814508417309618, -0.293114969413246, -0.293114969413246, -1.40073835613611, -0.293114969413246, -0.293114969413246, 1.36832011067105, 0.814508417309618, NA, -1.40073835613611, -0.293114969413246, -1.40073835613611, NA, 0.260696723948186, NA, NA, 