"Nctrl" <- 11
"Np" <- 5
"N" <- 988
"prob.mat" <- structure(c(0, 0.00417101147028154, 0.5612968591692, 0.40973630831643, 0.71655328798186, 0.338399189463019, 0.195266272189349, 0.114683815648446, 0.588414634146341, 0.682926829268293, 1, 0, 0.0354535974973931, 0.4387031408308, 0.228194726166329, 0.235827664399093, 0.39209726443769, 0.273372781065089, 0.491961414790997, 0.411585365853659, 0.317073170731707, 0, 0, 0.149113660062565, 0, 0.186612576064909, 0.0476190476190476, 0.269503546099291, 0.292307692307692, 0.305466237942122, 0, 0, 0, 0, 0.444212721584984, 0, 0.077079107505071, 0, 0, 0.23905325443787, 0.0878885316184352, 0, 0, 0, 0, 0.367049009384776, 0, 0.0983772819472617, 0, 0, 0, 0, 0, 0, 0), .Dim = c(11, 5))
"plmat" <- structure(c(-0.895893189355178, -0.161249623602549, 0.950015058072102, 0.517598215473325, 1.1731978566944, 0, 0, 0, 0, 0), .Dim = c(5, 2))
"lr" <- c(-2.55795257029852, 0.180878291079283, -0.914654053471837, -0.366887881196277, -0.366887881196277, -0.366887881196277, 0.728644463354843, -0.366887881196277, -0.366887881196277, -0.914654053471837, -0.366887881196277, 0.180878291079283, -0.366887881196277, 0.180878291079283, 0.180878291079283, -2.01018639802296, 0.180878291079283, 0.180878291079283, -2.01018639802296, 0.180878291079283, 1.2764106356304, -0.366887881196277, 2.37194298018152, -1.4624202257474, 1.2764106356304, NA, -0.366887881196277, NA, -0.366887881196277, 0.728644463354843, -0.366887881196277, -0.914654053471837, 1.2764106356304, -0.914654053471837, NA, -0.366887881196277, -0.366887881196277, -0.366887881196277, -0.366887881196277, -0.914654053471837, 1.2764106356304, 0.728644463354843, -0.914654053471837, 1.2764106356304, -0.366887881196277, -0.914654053471837, 2.37194298018152, -0.366887881196277, -0.914654053471837, -0.914654053471837, -1.4624202257474, -0.366887881196277, -0.366887881196277, NA, -0.914654053471837, 0.180878291079283, 0.180878291079283, -0.914654053471837, -0.914654053471837, -0.914654053471837, 1.2764106356304, -1.4624202257474, -2.55795257029852, -1.4624202257474, -0.366887881196277, 1.2764106356304, NA, 0.728644463354843, -1.4624202257474, NA, NA, -0.366887881196277, -0.914654053471837, -0.366887881196277, NA, 1.2764106356304, -0.914654053471837, 1.2764106356304, NA, -0.366887881196277, 0.728644463354843, -0.366887881196277, NA, -1.4624202257474, NA, 1.2764106356304, 1.2764106356304, -0.366887881196277, 1.2764106356304, -0.366887881196277, -0.366887881196277, NA, NA, 0.728644463354843, 0.728644463354843, NA, 1.2764106356304, 0.728644463354843, 1.2764106356304, NA, -0.366887881196277, 2.37194298018152, -0.914654053471837, NA, 0.728644463354843, NA, -0.366887881196277, -2.01018639802296, -0.366887881196277, -0.366887881196277, NA, -0.366887881196277, NA, 0.180878291079283, 2.37194298018152, 1.2764106356304, -0.366887881196277, -0.366887881196277, 0.728644463354843, NA, -0.366887881196277, -0.366887881196277, 1.2764106356304, -1.4624202257474, 0.728644463354843, -1.4624202257474, 2.37194298018152, 0.180878291079283, 1.82417680790596, -1.4624202257474, -1.4624202257474, -0.366887881196277, -0.366887881196277, -0.366887881196277, -0.914654053471837, NA, NA, -0.914654053471837, -0.366887881196277, -1.4624202257474, -0.366887881196277, -0.366887881196277, 1.82417680790596, 1.2764106356304, -0.914654053471837, -0.366887881196277, -0.914654053471837, -1.4624202257474, -0.366887881196277, 0.180878291079283, 0.180878291079283, -0.366887881196277, -0.366887881196277, 0.180878291079283, NA, 0.728644463354843, NA, 1.2764106356304, 0.180878291079283, 0.180878291079283, -0.366887881196277, 0.728644463354843, 0.728644463354843, -0.366887881196277, -0.366887881196277, -0.914654053471837, 1.2764106356304, NA, -0.366887881196277, -0.366887881196277, NA, 1.2764106356304, 0.728644463354843, 0.180878291079283, -0.366887881196277, 1.82417680790596, 0.180878291079283, -0.914654053471837, 0.728644463354843, -0.366887881196277, -0.366887881196277, -0.914654053471837, -0.366887881196277, -0.366887881196277, 1.2764106356304, 1.2764106356304, 1.82417680790596, 0.180878291079283, -0.366887881196277, 1.2764106356304, -2.55795257029852, 1.82417680790596, 1.2764106356304, NA, NA, NA, NA, -0.366887881196277, 1.82417680790596, NA, NA, 0.728644463354843, -0.366887881196277, 0.180878291079283, 0.180878291079283, -0.366887881196277, 2.37194298018152, -0.366887881196277, NA, -0.366887881196277, -0.914654053471837, -0.366887881196277, -0.366887881196277, -0.366887881196277, -0.914654053471837, -0.366887881196277, -0.366887881196277, 0.180878291079283, -0.366887881196277, -0.366887881196277, -0.366887881196277, -0.366887881196277, 2.37194298018152, 0.180878291079283, NA, 2.37194298018152, -0.366887881196277, -0.366887881196277, -1.4624202257474, -0.914654053471837, 1.2764106356304, -0.366887881196277, -0.366887881196277, -1.4624202257474, NA, 0.180878291079283, -0.366887881196277, -0.366887881196277, NA, -0.914654053471837, -0.366887881196277, -0.366887881196277, -0.366887881196277, 0.728644463354843, 0.180878291079283, -0.366887881196277, 1.2764106356304, 0.180878291079283, -1.4624202257474, -0.914654053471837, -0.366887881196277, -0.366887881196277, 1.2764106356304, 1.82417680790596, 0.728644463354843, 0.180878291079283, -0.914654053471837, 0.180878291079283, 2.37194298018152, -0.914654053471837, 1.2764106356304, 1.2764106356304, NA, 1.2764106356304, -0.366887881196277, -0.366887881196277, -0.366887881196277, -0.914654053471837, -1.4624202257474, -0.366887881196277, -0.366887881196277, -0.366887881196277, -0.366887881196277, -0.366887881196277, NA, 1.2764106356304, 1.2764106356304, NA, 0.180878291079283, -0.366887881196277, -0.914654053471837, -0.366887881196277, 0.728644463354843, -0.914654053471837, NA, 1.2764106356304, NA, 0.728644463354843, 0.180878291079283, -0.366887881196277, -0.366887881196277, -0.366887881196277, -0.366887881196277, -1.4624202257474, -0.366887881196277, -0.366887881196277, -0.366887881196277, 0.180878291079283, 0.180878291079283, 0.180878291079283, 0.728644463354843, 0.180878291079283, 1.2764106356304, 0.180878291079283, 0.180878291079283, NA, -0.366887881196277, 0.728644463354843, 1.82417680790596, -0.914654053471837, -0.366887881196277, -2.01018639802296, 0.728644463354843, 1.82417680790596, 0.180878291079283, 0.728644463354843, -0.366887881196277, NA, -0.366887881196277, -0.366887881196277, -0.366887881196277, 0.728644463354843, NA, 0.728644463354843, -0.366887881196277, 0.728644463354843, -0.366887881196277, -0.366887881196277, 0.180878291079283, 0.728644463354843, 0.180878291079283, 0.728644463354843, 0.180878291079283, NA, 0.728644463354843, -0.366887881196277, -0.366887881196277, NA, -0.914654053471837, -0.366887881196277, -0.914654053471837, -2.01018639802296, -0.366887881196277, 0.180878291079283, 0.180878291079283, 1.2764106356304, 0.180878291079283, 0.728644463354843, 0.180878291079283, 0.180878291079283, -0.366887881196277, -0.366887881196277, -0.366887881196277, -0.366887881196277, -2.01018639802296, 1.2764106356304, -1.4624202257474, 0.180878291079283, -1.4624202257474, -0.366887881196277, 1.2764106356304, -0.366887881196277, 0.728644463354843, -1.4624202257474, -0.366887881196277, 0.180878291079283, -0.366887881196277, -0.366887881196277, -0.366887881196277, -0.366887881196277, 1.82417680790596, 1.2764106356304, 2.37194298018152, NA, 1.2764106356304, -0.366887881196277, 2.37194298018152, 1.2764106356304, 0.728644463354843, 1.2764106356304, NA, NA, NA, 2.37194298018152, 2.37194298018152, NA, NA, NA, 1.2764106356304, 1.2764106356304, -1.4624202257474, NA, 1.2764106356304, -1.4624202257474, 1.2764106356304, 0.728644463354843, 1.82417680790596, -0.366887881196277, -0.366887881196277, -0.366887881196277, -0.366887881196277, -0.366887881196277, 1.2764106356304, -0.366887881196277, NA, NA, -0.366887881196277, -0.366887881196277, 1.2764106356304, NA, -2.01018639802296, -0.366887881196277, 1.2764106356304, 0.180878291079283, -0.366887881196277, 0.180878291079283, -0.366887881196277, -0.366887881196277, 