"Nctrl" <- 9
"Np" <- 3
"N" <- 1303
"prob.mat" <- structure(c(0, 0.0463192721257237, 0.564850345356869, 0.0594594594594595, 0.1, 0.069071373752878, 0.114035087719298, 0.0569568755085435, 1, 0, 0.37468982630273, 0.435149654643131, 0.0942084942084942, 0.144444444444444, 0.0928626247122026, 0.392230576441103, 0.472742066720911, 0, 0, 0.578990901571547, 0, 0.307335907335907, 0.252136752136752, 0.161166538756715, 0.367167919799499, 0.3173311635476, 0, 0, 0, 0, 0.0795366795366795, 0.141880341880342, 0.0966999232540292, 0.101503759398496, 0.152969894222945, 0, 0, 0, 0, 0.145945945945946, 0.115384615384615, 0.081350729086723, 0.025062656641604, 0, 0, 0, 0, 0, 0.0903474903474903, 0.246153846153846, 0.0897927858787414, 0, 0, 0, 0, 0, 0, 0.135907335907336, 0, 0.0713737528779739, 0, 0, 0, 0, 0, 0, 0.0378378378378378, 0, 0.122026093630084, 0, 0, 0, 0, 0, 0, 0.0432432432432432, 0, 0.099002302379125, 0, 0, 0, 0, 0, 0, 0.00308880308880309, 0, 0.0429777436684574, 0, 0, 0, 0, 0, 0, 0.00308880308880309, 0, 0.0736761320030698, 0, 0, 0), .Dim = c(9, 11))
"plmat" <- structure(c(-0.474802187181167, 0.27424487611312, -0.332699789484684, 0, 0, 0), .Dim = c(3, 2))
"lr" <- c(-0.146451412080517, 0.715209806086335, -0.146451412080517, -0.146451412080517, -1.00811263024737, 1.57687102425319, 2.00770163333661, -0.146451412080517, -1.00811263024737, -1.00811263024737, -0.146451412080517, 2.00770163333661, -0.577282021163943, 0.284379197002909, 0.715209806086335, NA, 0.284379197002909, -0.577282021163943, -0.146451412080517, -1.00811263024737, NA, -0.146451412080517, -0.577282021163943, 1.57687102425319, -0.146451412080517, -0.146451412080517, 0.715209806086335, NA, -0.146451412080517, -0.146451412080517, 0.284379197002909, -0.146451412080517, NA, -0.146451412080517, 1.14604041516976, -1.00811263024737, 0.715209806086335, -0.146451412080517, 1.14604041516976, 0.715209806086335, 1.14604041516976, NA, 1.57687102425319, -0.146451412080517, 0.284379197002909, 0.715209806086335, 1.57687102425319, -0.146451412080517, -1.4389432393308, 1.14604041516976, 0.715209806086335, NA, -0.146451412080517, -2.30060445749765, -0.146451412080517, NA, 0.715209806086335, -1.00811263024737, -0.146451412080517, -0.146451412080517, 0.715209806086335, -2.30060445749765, -1.86977384841422, -0.146451412080517, 1.14604041516976, 1.14604041516976, -0.146451412080517, 1.14604041516976, -0.146451412080517, 0.715209806086335, 1.57687102425319, -0.146451412080517, NA, -1.86977384841422, 0.715209806086335, NA, -0.146451412080517, 0.715209806086335, -0.146451412080517, 2.00770163333661, -0.146451412080517, 1.14604041516976, -0.146451412080517, -0.577282021163943, -0.146451412080517, 0.715209806086335, -0.146451412080517, 0.715209806086335, 1.57687102425319, -1.00811263024737, -1.86977384841422, NA, 0.284379197002909, 0.715209806086335, 0.715209806086335, NA, -0.146451412080517, -0.577282021163943, NA, NA, NA, NA, NA, NA, NA, -0.146451412080517, NA, -1.86977384841422, NA, NA, 0.715209806086335, 0.715209806086335, 0.715209806086335, -0.146451412080517, -1.4389432393308, -2.30060445749765, -0.146451412080517, 1.14604041516976, -0.146451412080517, -0.577282021163943, -0.577282021163943, -0.146451412080517, NA, -0.146451412080517, 1.14604041516976, -1.4389432393308, 0.715209806086335, 1.14604041516976, 0.715209806086335, NA, NA, -0.577282021163943, -0.577282021163943, -0.577282021163943, NA, -0.146451412080517, -0.146451412080517, -0.577282021163943, -0.146451412080517, 0.715209806086335, 0.715209806086335, -0.577282021163943, -0.146451412080517, 2.00770163333661, -0.146451412080517, -1.4389432393308, 2.00770163333661, -0.146451412080517, -0.577282021163943, -1.00811263024737, -0.146451412080517, 1.14604041516976, -0.146451412080517, -0.577282021163943, NA, -0.577282021163943, NA, -0.577282021163943, -1.86977384841422, -0.146451412080517, -0.146451412080517, -0.146451412080517, -2.30060445749765, -0.146451412080517, -0.146451412080517, -0.577282021163943, -0.146451412080517, -0.146451412080517, -0.146451412080517, 1.14604041516976, -0.577282021163943, 1.14604041516976, -0.146451412080517, -0.146451412080517, -1.4389432393308, -0.146451412080517, 1.14604041516976, 0.715209806086335, -1.00811263024737, -0.146451412080517, 0.715209806086335, 0.284379197002909, -0.577282021163943, 1.14604041516976, -1.4389432393308, -0.577282021163943, NA, -0.146451412080517, -0.146451412080517, 1.57687102425319, 0.284379197002909, -0.146451412080517, 0.715209806086335, -0.146451412080517, 1.57687102425319, -0.146451412080517, 1.14604041516976, -0.577282021163943, -0.146451412080517, -0.577282021163943, -1.00811263024737, 0.715209806086335, NA, -0.146451412080517, -0.146451412080517, -0.146451412080517, -0.577282021163943, -1.00811263024737, 0.715209806086335, 1.14604041516976, -1.86977384841422, 2.00770163333661, -0.146451412080517, 0.284379197002909, -1.00811263024737, -0.577282021163943, -0.146451412080517, 0.715209806086335, -1.00811263024737, NA, 2.00770163333661, NA, -0.577282021163943, -1.00811263024737, -1.00811263024737, NA, -0.146451412080517, -2.30060445749765, -0.146451412080517, -0.577282021163943, NA, 1.14604041516976, NA, -1.86977384841422, NA, NA, -1.86977384841422, -1.4389432393308, 0.284379197002909, -0.146451412080517, -0.146451412080517, -0.146451412080517, -0.577282021163943, 0.284379197002909, -0.146451412080517, -0.146451412080517, -0.146451412080517, NA, -0.146451412080517, -0.146451412080517, -0.146451412080517, NA, 0.715209806086335, -0.146451412080517, 0.715209806086335, -1.86977384841422, NA, -0.146451412080517, -1.86977384841422, -1.86977384841422, -1.86977384841422, -1.86977384841422, -1.86977384841422, -1.86977384841422, -2.30060445749765, 0.715209806086335, -0.146451412080517, 1.57687102425319, -0.146451412080517, -2.30060445749765, 1.57687102425319, 2.00770163333661, -1.86977384841422, -0.146451412080517, -0.146451412080517, 0.284379197002909, NA, -0.146451412080517, -1.00811263024737, -0.146451412080517, -2.30060445749765, -0.146451412080517, -0.146451412080517, -0.146451412080517, -0.577282021163943, 2.00770163333661, -0.577282021163943, -2.30060445749765, -0.146451412080517, -0.146451412080517, -0.577282021163943, 2.00770163333661, -0.146451412080517, 0.284379197002909, -0.146451412080517, -0.146451412080517, -0.146451412080517, -0.146451412080517, -0.146451412080517, -0.146451412080517, -0.146451412080517, -0.577282021163943, 0.284379197002909, -0.146451412080517, NA, 0.715209806086335, NA, -0.146451412080517, -0.146451412080517, 0.715209806086335, 1.57687102425319, -0.146451412080517, 1.57687102425319, -1.00811263024737, -1.00811263024737, -0.146451412080517, 2.00770163333661, 1.14604041516976, -0.146451412080517, 0.284379197002909, -0.577282021163943, -0.146451412080517, 0.284379197002909, 0.284379197002909, 2.00770163333661, 2.00770163333661, -0.146451412080517, 0.715209806086335, 1.14604041516976, -1.86977384841422, 0.284379197002909, -1.00811263024737, -0.577282021163943, 2.00770163333661, 0.715209806086335, 0.284379197002909, -0.146451412080517, -0.146451412080517, -1.4389432393308, -0.577282021163943, -2.30060445749765, -2.30060445749765, -1.86977384841422, -1.00811263024737, -0.146451412080517, -1.4389432393308, -1.86977384841422, -1.00811263024737, -0.577282021163943, -0.146451412080517, 0.715209806086335, -1.4389432393308, -0.577282021163943, -0.146451412080517, -0.146451412080517, -0.146451412080517, -0.146451412080517, -1.00811263024737, 0.715209806086335, -0.146451412080517, -0.146451412080517, NA, -0.146451412080517, 0.715209806086335, -1.4389432393308, 1.14604041516976, -0.146451412080517, 0.284379197002909, NA, 0.715209806086335, -0.146451412080517, 0.284379197002909, -1.00811263024737, -0.146451412080517, -1.86977384841422, -0.146451412080517, -1.00811263024737, 0.715209806086335, 0.715209806086335, 0.284379197002909, -0.146451412080517, -1.86977384841422, -0.146451412080517, -0.146451412080517, -1.86977384841422, -0.146451412080517, -0.146451412080517, -0.146451412080517, 