"Nctrl" <- 12
"Np" <- 3
"N" <- 1002
"prob.mat" <- structure(c(0, 0.00911854103343465, 0.499, 0.203592814371257, 0.74870734229576, 0.423387096774194, 0.246177370030581, 0.0662323561346363, 0.717457114026236, 0.768920282542886, 0.153692614770459, 1, 0, 0.0668693009118541, 0.501, 0.390219560878243, 0.240951396070321, 0.158266129032258, 0.247706422018349, 0.395222584147666, 0.282542885973764, 0.231079717457114, 0.1187624750499, 0, 0, 0.144883485309017, 0, 0.298403193612774, 0.0103412616339193, 0.418346774193548, 0.293577981651376, 0.318132464712269, 0, 0, 0.30439121756487, 0, 0, 0.324214792299899, 0, 0.0828343313373253, 0, 0, 0.212538226299694, 0.220412595005429, 0, 0, 0.155688622754491, 0, 0, 0.454913880445795, 0, 0.0249500998003992, 0, 0, 0, 0, 0, 0, 0.267465069860279, 0), .Dim = c(12, 5))
"plmat" <- structure(c(-0.804704005803638, 0.492209704014516, -0.578085181253917, 0, 0, 0), .Dim = c(3, 2))
"lr" <- c(-0.392377829548935, NA, -0.392377829548935, -0.392377829548935, NA, NA, NA, NA, NA, NA, NA, NA, -0.392377829548935, NA, NA, 0.170265094062018, -0.392377829548935, 0.170265094062018, -0.392377829548935, -0.392377829548935, -0.392377829548935, 0.170265094062018, -0.392377829548935, 1.29555094128392, -0.392377829548935, 0.73290801767297, -0.392377829548935, -0.392377829548935, 0.73290801767297, -0.955020753159889, 0.170265094062018, -0.392377829548935, 0.170265094062018, 0.170265094062018, 0.73290801767297, -0.955020753159889, NA, -0.955020753159889, 1.29555094128392, 1.29555094128392, -1.51766367677084, 0.170265094062018, 1.85819386489488, -0.955020753159889, 0.170265094062018, NA, NA, NA, 0.170265094062018, -1.51766367677084, 0.73290801767297, -0.955020753159889, -0.392377829548935, -0.955020753159889, NA, 0.170265094062018, NA, NA, -0.955020753159889, NA, NA, NA, NA, 1.29555094128392, 0.73290801767297, -1.51766367677084, 2.42083678850583, -2.64294952399275, -1.51766367677084, 0.170265094062018, 0.170265094062018, 2.42083678850583, -2.08030660038179, 0.73290801767297, -0.392377829548935, 0.170265094062018, -2.08030660038179, 1.29555094128392, -0.392377829548935, 1.29555094128392, NA, 0.170265094062018, 0.170265094062018, NA, NA, NA, 0.170265094062018, NA, 0.170265094062018, 0.73290801767297, -0.392377829548935, NA, 1.85819386489488, -0.392377829548935, -0.392377829548935, 0.170265094062018, -0.392377829548935, -0.392377829548935, NA, 0.170265094062018, 0.73290801767297, 1.29555094128392, -0.392377829548935, -1.51766367677084, -0.392377829548935, 1.29555094128392, 0.73290801767297, -2.08030660038179, 0.170265094062018, -0.392377829548935, 0.170265094062018, 0.73290801767297, -0.955020753159889, -2.08030660038179, 2.42083678850583, 0.170265094062018, 0.73290801767297, -0.955020753159889, NA, 0.170265094062018, -0.955020753159889, 0.73290801767297, 0.170265094062018, -1.51766367677084, -0.955020753159889, -0.392377829548935, 1.29555094128392, 1.85819386489488, 1.85819386489488, 1.85819386489488, 1.85819386489488, 0.73290801767297, 1.29555094128392, 1.85819386489488, 1.85819386489488, -1.51766367677084, 1.85819386489488, -0.392377829548935, 0.170265094062018, 0.73290801767297, 0.73290801767297, 1.85819386489488, 0.73290801767297, 1.85819386489488, NA, NA, -0.392377829548935, -0.392377829548935, -0.955020753159889, -0.392377829548935, -0.392377829548935, NA, -1.51766367677084, -1.51766367677084, 0.170265094062018, -0.392377829548935, 0.170265094062018, -0.392377829548935, 0.170265094062018, NA, 0.73290801767297, 0.170265094062018, 0.170265094062018, NA, 0.170265094062018, -0.392377829548935, 0.170265094062018, -0.392377829548935, NA, 0.170265094062018, -0.392377829548935, 0.170265094062018, -0.392377829548935, -0.955020753159889, -1.51766367677084, -2.64294952399275, NA, 0.170265094062018, 0.170265094062018, 0.170265094062018, 0.170265094062018, -0.392377829548935, -0.392377829548935, -0.955020753159889, -0.392377829548935, 0.170265094062018, -0.392377829548935, 1.29555094128392, NA, -0.392377829548935, -0.392377829548935, -0.955020753159889, 0.170265094062018, 0.73290801767297, -0.392377829548935, 0.73290801767297, -0.955020753159889, 0.73290801767297, 0.170265094062018, -0.392377829548935, -0.392377829548935, -1.51766367677084, -0.392377829548935, 0.170265094062018, -0.392377829548935, -0.392377829548935, -1.51766367677084, -0.392377829548935, -0.392377829548935, 0.170265094062018, -0.392377829548935, -0.392377829548935, -0.392377829548935, 0.170265094062018, 0.170265094062018, 0.170265094062018, -1.51766367677084, NA, -0.392377829548935, 0.170265094062018, NA, NA, -0.955020753159889, -1.51766367677084, -1.51766367677084, 0.170265094062018, NA, NA, 0.170265094062018, -1.51766367677084, -1.51766367677084, -2.08030660038179, 1.29555094128392, 0.73290801767297, -2.08030660038179, -0.392377829548935, 1.85819386489488, NA, -2.08030660038179, -1.51766367677084, -1.51766367677084, -2.64294952399275, 1.29555094128392, -1.51766367677084, 0.73290801767297, -0.392377829548935, -0.955020753159889, 1.29555094128392, -0.392377829548935, -0.392377829548935, 0.170265094062018, -0.955020753159889, -0.392377829548935, -0.392377829548935, -0.392377829548935, -1.51766367677084, -0.955020753159889, -0.392377829548935, -0.392377829548935, -0.392377829548935, -0.392377829548935, -0.392377829548935, 0.73290801767297, -1.51766367677084, -0.392377829548935, -0.392377829548935, -1.51766367677084, 0.170265094062018, 0.170265094062018, -1.51766367677084, 0.73290801767297, 0.170265094062018, 0.170265094062018, -0.392377829548935, 0.170265094062018, 0.170265094062018, 0.73290801767297, 0.170265094062018, 0.170265094062018, NA, 0.170265094062018, -0.955020753159889, NA, 0.170265094062018, -1.51766367677084, 0.73290801767297, -0.955020753159889, -1.51766367677084, 0.73290801767297, -0.392377829548935, -0.955020753159889, -0.392377829548935, 0.73290801767297, -0.392377829548935, 0.170265094062018, 0.73290801767297, -0.955020753159889, -0.955020753159889, 1.29555094128392, 0.73290801767297, -2.08030660038179, NA, -0.392377829548935, 0.73290801767297, -0.392377829548935, 0.73290801767297, 1.29555094128392, 1.85819386489488, -0.392377829548935, NA, 1.85819386489488, NA, 2.42083678850583, -0.392377829548935, 1.85819386489488, -0.392377829548935, NA, 0.73290801767297, 2.42083678850583, -0.392377829548935, -0.392377829548935, 0.170265094062018, 0.170265094062018, 0.73290801767297, -0.955020753159889, 0.73290801767297, -0.392377829548935, -1.51766367677084, 0.170265094062018, 0.170265094062018, 0.170265094062018, 1.29555094128392, 0.73290801767297, 0.170265094062018, 0.170265094062018, -0.392377829548935, NA, -0.392377829548935, -0.955020753159889, 0.170265094062018, -0.392377829548935, -0.955020753159889, 2.42083678850583, -2.64294952399275, 0.170265094062018, 0.73290801767297, 1.85819386489488, -0.392377829548935, -0.392377829548935, 0.73290801767297, 0.73290801767297, NA, -0.392377829548935, 1.29555094128392, -0.392377829548935, NA, 1.29555094128392, 0.170265094062018, 0.170265094062018, -0.392377829548935, 0.170265094062018, 0.73290801767297, -0.955020753159889, 0.73290801767297, -0.955020753159889, -0.392377829548935, -2.08030660038179, -0.955020753159889, 0.73290801767297, -1.51766367677084, 0.73290801767297, 0.73290801767297, 0.73290801767297, 1.29555094128392, NA, 1.29555094128392, 0.170265094062018, 0.170265094062018, -0.392377829548935, 1.85819386489488, 1.29555094128392, 1.29555094128392, 0.170265094062018, -0.392377829548935, -0.955020753159889, 0.73290801767297, 0.73290801767297, 1.29555094128392, 0.170265094062018, 0.73290801767297, 0.73290801767297, 0.170265094062018, NA, 0.170265094062018, NA, NA, NA, NA, NA, 0.170265094062018, NA, -0.955020753159889, NA, NA, -0.955020753159889, NA, 0.73290801767297, NA, 0.170265094062018, NA, 0.73290801767297, NA, 1.29555094128392, NA, NA, -0.392377829548935, -0.392377829548935, NA, 0.170265094062018, 0.73290801767297, -0.955020753159889, 0.170265094062018, -0.392377829548935, -0.955020753159889, 0.73290801767297, 0.73290801767297, NA, 