"Nctrl" <- 11
"Np" <- 6
"N" <- 1407
"prob.mat" <- structure(c(0, 0.140401146131805, 0.521337126600285, 0.0247167868177137, 0.365576102418208, 0.0240601503759399, 0.872416250890948, 0.0813704496788009, 0.233404710920771, 0.107219442458899, 1, 0, 0.276504297994269, 0.478662873399716, 0.101956745623069, 0.41678520625889, 0.0488721804511278, 0.127583749109052, 0.536759457530335, 0.132762312633833, 0.331665475339528, 0, 0, 0.583094555873925, 0, 0.416065911431514, 0.217638691322902, 0.114285714285714, 0, 0.26338329764454, 0.474660956459672, 0.561115082201573, 0, 0, 0, 0, 0.203913491246138, 0, 0.181203007518797, 0, 0.118486795146324, 0.113490364025696, 0, 0, 0, 0, 0, 0.253347064881565, 0, 0.234586466165414, 0, 0, 0.0456816559600286, 0, 0, 0, 0, 0, 0, 0, 0.207518796992481, 0, 0, 0, 0, 0, 0, 0, 0, 0, 0, 0.127067669172932, 0, 0, 0, 0, 0, 0, 0, 0, 0, 0, 0.0518796992481203, 0, 0, 0, 0, 0, 0, 0, 0, 0, 0, 0.0105263157894737, 0, 0, 0, 0, 0), .Dim = c(11, 9))
"plmat" <- structure(c(-0.136709615785561, -0.280079503286024, -0.237292419124257, 0.470633388830858, -0.0193599295161759, 1.08930869892112, 0, 0, 0, 0, 0, 0), .Dim = c(6, 2))
"lr" <- c(-0.27985877404196, 1.20732908493246, 1.95092301441968, 1.95092301441968, 0.091938190701646, -1.39524966827278, 0.091938190701646, -0.651655738785567, 0.091938190701646, -0.651655738785567, -1.39524966827278, 0.463735155445252, -0.27985877404196, -0.651655738785567, 0.091938190701646, NA, 0.091938190701646, -0.651655738785567, -0.651655738785567, -1.39524966827278, -0.651655738785567, -1.39524966827278, -1.39524966827278, 0.835532120188859, -0.27985877404196, 0.835532120188859, 1.20732908493246, 1.20732908493246, 1.95092301441968, 0.091938190701646, 0.463735155445252, -0.651655738785567, -0.651655738785567, 0.835532120188859, -0.651655738785567, 0.835532120188859, 0.091938190701646, -0.27985877404196, -0.651655738785567, -0.27985877404196, 1.20732908493246, 0.091938190701646, 1.95092301441968, -0.651655738785567, 0.835532120188859, 1.20732908493246, 0.091938190701646, 1.95092301441968, -1.39524966827278, -0.651655738785567, -0.651655738785567, 1.57912604967607, 0.091938190701646, 1.95092301441968, 0.091938190701646, 1.20732908493246, 1.95092301441968, 0.091938190701646, -1.39524966827278, -1.39524966827278, -1.39524966827278, 0.463735155445252, 0.091938190701646, -1.39524966827278, -1.39524966827278, -0.27985877404196, -1.39524966827278, 1.95092301441968, 1.57912604967607, 1.20732908493246, -1.39524966827278, -1.39524966827278, 1.95092301441968, -1.39524966827278, 1.95092301441968, -0.651655738785567, 0.091938190701646, -0.27985877404196, -0.651655738785567, 0.091938190701646, -0.651655738785567, -0.27985877404196, 1.20732908493246, -0.651655738785567, -0.651655738785567, -0.651655738785567, 0.091938190701646, 1.20732908493246, -0.651655738785567, -1.39524966827278, -1.39524966827278, 1.20732908493246, 0.463735155445252, 0.091938190701646, -0.651655738785567, -1.39524966827278, -1.39524966827278, -1.39524966827278, 0.091938190701646, -0.27985877404196, 0.835532120188859, -0.27985877404196, 0.091938190701646, 0.835532120188859, -1.39524966827278, -1.02345270352917, -1.39524966827278, 0.091938190701646, -1.39524966827278, -1.02345270352917, 0.091938190701646, 1.95092301441968, 0.091938190701646, 0.091938190701646, 0.463735155445252, 0.091938190701646, 0.463735155445252, -1.39524966827278, 0.463735155445252, 0.463735155445252, 0.835532120188859, 1.95092301441968, 0.835532120188859, -1.39524966827278, -0.651655738785567, -1.39524966827278, -1.39524966827278, NA, 0.463735155445252, 0.091938190701646, 1.95092301441968, 0.463735155445252, 1.20732908493246, 1.57912604967607, -1.39524966827278, 1.20732908493246, -0.651655738785567, -0.27985877404196, 1.57912604967607, -0.27985877404196, -1.39524966827278, 0.091938190701646, 0.091938190701646, -0.651655738785567, -1.39524966827278, -1.39524966827278, 0.835532120188859, -1.39524966827278, -0.27985877404196, -0.27985877404196, 0.091938190701646, -1.39524966827278, 0.091938190701646, 1.95092301441968, -0.27985877404196, 1.95092301441968, 0.835532120188859, 0.835532120188859, 0.835532120188859, 1.20732908493246, NA, -0.651655738785567, 0.091938190701646, -0.27985877404196, 0.091938190701646, 0.835532120188859, 0.463735155445252, -1.02345270352917, 1.95092301441968, 1.20732908493246, 0.091938190701646, 0.091938190701646, -0.651655738785567, -1.39524966827278, 1.95092301441968, 0.835532120188859, -1.39524966827278, 1.95092301441968, -0.27985877404196, -1.39524966827278, 1.20732908493246, -0.651655738785567, -1.02345270352917, -0.651655738785567, -1.39524966827278, 0.091938190701646, NA, 0.463735155445252, -1.39524966827278, 1.95092301441968, 0.091938190701646, 0.835532120188859, 0.091938190701646, -0.651655738785567, 0.091938190701646, 0.091938190701646, 0.463735155445252, 1.20732908493246, 0.091938190701646, NA, -0.27985877404196, -0.651655738785567, -0.651655738785567, -0.651655738785567, -0.27985877404196, -1.39524966827278, -0.651655738785567, 0.091938190701646, -1.39524966827278, -0.651655738785567, -0.651655738785567, 1.20732908493246, -0.27985877404196, -1.39524966827278, 1.20732908493246, -1.39524966827278, 0.091938190701646, 0.463735155445252, 0.091938190701646, 0.091938190701646, 1.20732908493246, 0.091938190701646, 0.463735155445252, 0.091938190701646, 0.463735155445252, -1.02345270352917, 1.57912604967607, 0.091938190701646, 1.20732908493246, 1.20732908493246, -1.39524966827278, -1.39524966827278, 1.20732908493246, 0.091938190701646, 0.091938190701646, 0.091938190701646, 0.091938190701646, 1.57912604967607, -1.02345270352917, -1.39524966827278, 0.463735155445252, -1.02345270352917, 0.463735155445252, NA, -0.27985877404196, -1.39524966827278, 1.95092301441968, 0.463735155445252, -0.27985877404196, -1.39524966827278, 0.091938190701646, 0.091938190701646, 0.091938190701646, -1.39524966827278, 0.091938190701646, 0.091938190701646, 1.20732908493246, -0.27985877404196, 0.463735155445252, 1.57912604967607, 0.091938190701646, -0.27985877404196, 1.95092301441968, 0.091938190701646, -1.39524966827278, 0.463735155445252, -1.02345270352917, -1.02345270352917, 1.57912604967607, 0.091938190701646, 0.835532120188859, -0.651655738785567, -1.02345270352917, 0.835532120188859, 1.95092301441968, 1.95092301441968, 0.091938190701646, 0.091938190701646, NA, 0.463735155445252, -0.27985877404196, 0.091938190701646, -1.39524966827278, 1.20732908493246, 1.20732908493246, 0.463735155445252, -1.39524966827278, 1.57912604967607, NA, 0.463735155445252, -0.651655738785567, 0.835532120188859, -0.651655738785567, 0.091938190701646, 1.57912604967607, 1.95092301441968, 0.091938190701646, 0.091938190701646, 1.20732908493246, 0.091938190701646, 0.091938190701646, -1.39524966827278, 0.463735155445252, -1.39524966827278, 1.20732908493246, 0.091938190701646, -0.651655738785567, -0.27985877404196, 0.835532120188859, -0.651655738785567, -1.02345270352917, 0.091938190701646, 1.20732908493246, -0.27985877404196, 0.835532120188859, -0.651655738785567, -1.39524966827278, 0.091938190701646, 0.835532120188859, -0.651655738785567, NA, -0.651655738785567, -1.39524966827278, 1.95092301441968, 0.091938190701646, 0.835532120188859, 0.091938190701646, -1.39524966827278, 0.463735155445252, 0.463735155445252, 0.091938190701646, -1.39524966827278, -1.39524966827278, 0.091938190701646, -0.27985877404196, 0.091938190701646, 0.091938190701646, 0.091938190701646, 1.95092301441968, -1.39524966827278, -1.39524966827278, 1.20732908493246, 1.95092301441968, 0.091938190701646, 0.835532120188859, 1.95092301441968, -1.02345270352917, 0.091938190701646, -0.651655738785567, 1.20732908493246, 1.95092301441968, -1.39524966827278, 1.95092301441968, 1.95092301441968, 1.95092301441968, 0.091938190701646, -0.651655738785567, 0.091938190701646, -1.39524966827278, 1.95092301441968, -1.39524966827278, 0.091938190701646, -0.651655738785567, -1.02345270352917, -0.27985877404196, 0.091938190701646, 0.835532120188859, 0.835532120188859, 1.20732908493246, 