"Nctrl" <- 8
"Np" <- 3
"N" <- 1000
"prob.mat" <- structure(c(0, 0.614, 0.102, 0.158475426278837, 0.485, 0.0316122233930453, 0.347871235721703, 1, 0, 0.386, 0.126, 0.175526579739218, 0.107, 0.182297154899895, 0.543094496365524, 0, 0, 0, 0.295, 0.0351053159478435, 0.052, 0.685985247629083, 0.109034267912773, 0, 0, 0, 0.117, 0.0611835506519559, 0.088, 0.100105374077977, 0, 0, 0, 0, 0.118, 0.0381143430290873, 0.091, 0, 0, 0, 0, 0, 0.141, 0.157472417251755, 0.05, 0, 0, 0, 0, 0, 0.035, 0.293881644934804, 0.051, 0, 0, 0, 0, 0, 0.066, 0.0802407221664995, 0.076, 0, 0, 0), .Dim = c(8, 8))
"plmat" <- structure(c(-0.930283098096387, -0.474802187181162, 0.274244876113122, 0, 0, 0), .Dim = c(3, 2))
"lr" <- c(-0.111654507144598, -1.02379503111952, 0.344415754842862, -0.111654507144598, 0.344415754842862, 0.344415754842862, 1.25655627881778, 0.344415754842862, NA, -0.111654507144598, -0.111654507144598, -1.47986529310698, 1.25655627881778, NA, 1.25655627881778, 0.800486016830322, NA, -1.02379503111952, -1.47986529310698, 1.25655627881778, -1.93593555509444, 1.25655627881778, -0.567724769132059, -0.567724769132059, -1.93593555509444, NA, -0.111654507144598, 0.800486016830322, NA, NA, -0.111654507144598, NA, 0.344415754842862, 0.344415754842862, 1.25655627881778, -0.111654507144598, -0.111654507144598, 0.344415754842862, -1.02379503111952, NA, 0.800486016830322, -0.111654507144598, -1.02379503111952, 0.800486016830322, 0.800486016830322, -0.567724769132059, -0.567724769132059, 1.25655627881778, -0.111654507144598, -0.111654507144598, -1.93593555509444, NA, NA, 0.344415754842862, NA, -1.93593555509444, -0.111654507144598, NA, -0.567724769132059, NA, 1.71262654080524, 0.800486016830322, 1.71262654080524, 1.71262654080524, 1.71262654080524, -0.567724769132059, -0.111654507144598, -0.567724769132059, NA, 1.25655627881778, NA, NA, -0.111654507144598, 0.344415754842862, -1.02379503111952, 0.344415754842862, 0.800486016830322, 1.71262654080524, 0.800486016830322, 1.25655627881778, 0.344415754842862, 1.71262654080524, 1.25655627881778, 0.344415754842862, 0.344415754842862, NA, NA, NA, NA, -0.111654507144598, 0.800486016830322, -0.567724769132059, NA, -1.93593555509444, NA, NA, NA, 2.1686968027927, 2.1686968027927, -1.93593555509444, 2.1686968027927, NA, 2.1686968027927, 0.344415754842862, -1.93593555509444, 0.344415754842862, NA, -0.111654507144598, NA, -0.111654507144598, -0.111654507144598, NA, NA, NA, NA, 2.1686968027927, 2.1686968027927, 1.71262654080524, 2.1686968027927, -0.111654507144598, -1.93593555509444, NA, -0.111654507144598, NA, -0.111654507144598, -1.47986529310698, -0.111654507144598, -1.93593555509444, -1.02379503111952, -0.111654507144598, 0.344415754842862, 1.25655627881778, NA, NA, 0.344415754842862, 0.344415754842862, -0.111654507144598, 0.800486016830322, -0.111654507144598, 0.800486016830322, 0.800486016830322, -0.111654507144598, 0.344415754842862, 0.800486016830322, 0.344415754842862, 0.344415754842862, 0.344415754842862, NA, 1.25655627881778, 0.800486016830322, NA, -0.111654507144598, -0.567724769132059, -0.111654507144598, -0.111654507144598, -0.111654507144598, -0.567724769132059, -0.567724769132059, 1.25655627881778, 0.800486016830322, -0.111654507144598, -0.111654507144598, -1.02379503111952, -1.47986529310698, -0.111654507144598, -1.02379503111952, NA, NA, NA, -1.02379503111952, -0.567724769132059, -1.47986529310698, NA, -1.93593555509444, -1.02379503111952, -1.02379503111952, -1.47986529310698, NA, NA, -1.02379503111952, NA, NA, 0.344415754842862, NA, 0.800486016830322, -0.567724769132059, 0.800486016830322, -0.567724769132059, -0.111654507144598, 0.800486016830322, -0.111654507144598, -0.111654507144598, -0.111654507144598, -0.111654507144598, -0.567724769132059, 0.344415754842862, 0.344415754842862, -0.111654507144598, -1.02379503111952, -1.47986529310698, -0.567724769132059, -0.111654507144598, 0.344415754842862, -1.02379503111952, NA, -0.111654507144598, -0.111654507144598, 0.800486016830322, 0.800486016830322, -0.567724769132059, NA, NA, -0.567724769132059, -0.567724769132059, 1.25655627881778, 0.344415754842862, 1.25655627881778, 1.25655627881778, 0.800486016830322, -0.111654507144598, -0.567724769132059, -0.111654507144598, -0.111654507144598, 1.71262654080524, 0.344415754842862, 0.344415754842862, 1.25655627881778, 0.344415754842862, 0.344415754842862, 1.71262654080524, 0.344415754842862, 1.71262654080524, 0.344415754842862, 0.800486016830322, 0.800486016830322, -0.111654507144598, 1.25655627881778, -0.567724769132059, 1.25655627881778, NA, -0.111654507144598, 0.800486016830322, 0.800486016830322, -0.111654507144598, 0.800486016830322, 0.344415754842862, -0.111654507144598, 1.25655627881778, 0.800486016830322, -0.111654507144598, 1.25655627881778, -0.567724769132059, 0.800486016830322, 0.800486016830322, 1.25655627881778, -0.567724769132059, -0.111654507144598, -0.567724769132059, NA, 0.344415754842862, -0.111654507144598, -1.02379503111952, 1.25655627881778, 0.800486016830322, 0.800486016830322, 0.800486016830322, -0.567724769132059, -1.93593555509444, -0.111654507144598, NA, 0.800486016830322, -0.111654507144598, -0.567724769132059, -0.111654507144598, 1.25655627881778, -0.111654507144598, 0.344415754842862, -0.567724769132059, 2.1686968027927, NA, -0.111654507144598, -0.111654507144598, NA, NA, 0.344415754842862, 1.71262654080524, 1.71262654080524, NA, NA, NA, 2.1686968027927, -0.111654507144598, NA, -0.111654507144598, NA, NA, 2.1686968027927, 0.344415754842862, -0.111654507144598, -0.111654507144598, -0.111654507144598, 0.344415754842862, NA, -0.567724769132059, -0.111654507144598, 0.344415754842862, -1.02379503111952, 0.344415754842862, -0.111654507144598, -0.111654507144598, -0.111654507144598, 0.344415754842862, 0.344415754842862, 1.71262654080524, NA, 1.25655627881778, 2.1686968027927, 0.800486016830322, NA, 1.25655627881778, -0.567724769132059, 0.800486016830322, 2.1686968027927, 0.800486016830322, 0.800486016830322, 2.1686968027927, 1.25655627881778, -0.567724769132059, NA, NA, 1.25655627881778, 0.344415754842862, 0.344415754842862, -1.93593555509444, -0.567724769132059, -1.02379503111952, -0.567724769132059, 0.344415754842862, 2.1686968027927, 0.344415754842862, -1.02379503111952, 0.344415754842862, 1.71262654080524, -1.93593555509444, 1.71262654080524, 0.800486016830322, -0.111654507144598, -0.567724769132059, -0.567724769132059, -0.111654507144598, -0.567724769132059, 0.344415754842862, 0.344415754842862, 1.25655627881778, 2.1686968027927, NA, -0.567724769132059, 1.25655627881778, -0.567724769132059, -0.567724769132059, 0.800486016830322, 0.800486016830322, -1.02379503111952, -0.567724769132059, 1.25655627881778, 1.25655627881778, 0.344415754842862, -0.111654507144598, 1.25655627881778, 0.344415754842862, NA, 0.800486016830322, -0.111654507144598, 0.344415754842862, 0.344415754842862, -1.02379503111952, NA, NA, -0.567724769132059, 0.800486016830322, -0.567724769132059, NA, -1.47986529310698, NA, 0.344415754842862, -0.567724769132059, -1.93593555509444, -1.93593555509444, 0.344415754842862, -0.567724769132059, -1.02379503111952, NA, NA, -0.111654507144598, NA, NA, -1.93593555509444, NA, NA, -0.111654507144598, -0.111654507144598, -0.567724769132059, -1.93593555509444, -1.93593555509444, -0.111654507144598, NA, NA, -0.111654507144598, NA, NA, -0.111654507144598, 1.71262654080524, NA, -0.567724769132059, NA, 0.344415754842862, -0.111654507144598, 2.1686968027927, -0.111654507144598, -0.111654507144598, -1.93593555509444, -0.567724769132059, NA, -1.02379503111952, NA, -1.02379503111952, 0.800486016830322, -0.567724769132059, -1.93593555509444, 1.71262654080524, 1.71262654080524, 0.344415754842862, 1.71262654080524, 1.25655627881778, 0.800486016830322, 0.344415754842862, 0.800486016830322, 0.800486016830322, -1.02379503111952, -0.111654507144598, -0.111654507144598, -0.567724769132059, -0.111654507144598, -0.567724769132059, -0.111654507144598, 1.25655627881778, -1.93593555509444, 0.800486016830322, 1.71262654080524, 