"Nctrl" <- 7
"Np" <- 3
"N" <- 1185
"prob.mat" <- structure(c(0, 0.523206751054852, 0.172995780590717, 0.562869198312236, 0.094306049822064, 0.378427787934186, 1, 0, 0.476793248945148, 0.227848101265823, 0.090295358649789, 0.209074733096085, 0.513711151736746, 0, 0, 0, 0.0388185654008439, 0.0658227848101266, 0.20017793594306, 0.107861060329068, 0, 0, 0, 0.0556962025316456, 0.0514767932489451, 0.172597864768683, 0, 0, 0, 0, 0.029535864978903, 0.108016877637131, 0.102313167259786, 0, 0, 0, 0, 0.0843881856540084, 0.030379746835443, 0.0604982206405694, 0, 0, 0, 0, 0.29957805907173, 0.0286919831223629, 0.0400355871886121, 0, 0, 0, 0, 0.0911392405063291, 0.0624472573839662, 0.0480427046263345, 0, 0, 0, 0, 0, 0, 0.0195729537366548, 0, 0, 0, 0, 0, 0, 0.0533807829181495, 0, 0), .Dim = c(7, 10))
"plmat" <- structure(c(-0.370139255575222, -0.234473613125007, -0.112548005698506, 0, 0, 0), .Dim = c(3, 2))
"lr" <- c(0.530664340914614, 0.97501829486335, 0.530664340914614, 0.97501829486335, 1.41937224881208, 0.530664340914614, 0.0863103869658787, -0.358043566982856, -0.358043566982856, NA, 0.0863103869658787, -0.358043566982856, 0.97501829486335, 1.86372620276082, 1.86372620276082, NA, 1.86372620276082, NA, NA, NA, 0.0863103869658787, 0.0863103869658787, 0.0863103869658787, 0.0863103869658787, -0.358043566982856, 0.0863103869658787, 0.0863103869658787, -0.358043566982856, 0.530664340914614, 0.0863103869658787, -0.358043566982856, 0.530664340914614, 0.530664340914614, 0.530664340914614, 0.530664340914614, -0.358043566982856, -0.358043566982856, -0.802397520931592, 0.0863103869658787, -0.358043566982856, -2.1354593827778, 0.0863103869658787, 1.86372620276082, 0.0863103869658787, -0.358043566982856, -0.802397520931592, 0.530664340914614, 1.86372620276082, 0.0863103869658787, 0.97501829486335, -0.358043566982856, -0.358043566982856, NA, NA, 0.0863103869658787, 1.86372620276082, -0.358043566982856, 0.0863103869658787, 0.530664340914614, NA, NA, NA, -1.24675147488033, NA, -0.358043566982856, -0.802397520931592, -0.802397520931592, 1.86372620276082, 0.97501829486335, 0.530664340914614, NA, 0.530664340914614, -0.802397520931592, -1.24675147488033, 0.530664340914614, -0.358043566982856, 0.0863103869658787, -2.1354593827778, -0.358043566982856, NA, NA, 0.0863103869658787, -0.358043566982856, 0.0863103869658787, 0.0863103869658787, 0.97501829486335, -2.1354593827778, 1.86372620276082, 1.41937224881208, NA, -0.802397520931592, -0.802397520931592, -0.802397520931592, -0.358043566982856, -0.802397520931592, 0.0863103869658787, 1.86372620276082, -1.24675147488033, 0.0863103869658787, -0.358043566982856, 0.0863103869658787, NA, NA, NA, NA, 0.0863103869658787, 0.530664340914614, 0.97501829486335, -0.802397520931592, 0.97501829486335, 0.97501829486335, -1.24675147488033, 0.0863103869658787, 0.97501829486335, 0.530664340914614, 0.0863103869658787, -0.802397520931592, -0.802397520931592, 0.0863103869658787, 1.86372620276082, -0.358043566982856, 0.97501829486335, 0.0863103869658787, -1.24675147488033, -1.24675147488033, 0.530664340914614, 0.97501829486335, -0.358043566982856, 0.0863103869658787, NA, NA, NA, NA, 0.530664340914614, 0.97501829486335, -0.802397520931592, -1.69110542882906, -0.358043566982856, 0.97501829486335, 0.0863103869658787, -0.358043566982856, NA, NA, -0.358043566982856, 0.0863103869658787, 0.530664340914614, -0.358043566982856, 0.97501829486335, NA, NA, -0.358043566982856, NA, NA, 1.86372620276082, 0.530664340914614, -0.358043566982856, -0.358043566982856, 0.530664340914614, -0.358043566982856, -0.358043566982856, 1.86372620276082, 0.0863103869658787, 0.97501829486335, -0.802397520931592, 0.97501829486335, -0.358043566982856, 0.0863103869658787, 0.97501829486335, 0.97501829486335, -0.358043566982856, -1.24675147488033, -0.802397520931592, -1.24675147488033, 0.97501829486335, 0.97501829486335, 0.530664340914614, 1.86372620276082, 0.530664340914614, 0.97501829486335, 0.97501829486335, 0.0863103869658787, 0.0863103869658787, 0.97501829486335, 0.97501829486335, 1.86372620276082, 0.97501829486335, -0.358043566982856, 0.0863103869658787, 0.0863103869658787, 0.0863103869658787, 0.0863103869658787, 1.86372620276082, -0.358043566982856, 0.0863103869658787, NA, 1.41937224881208, 1.41937224881208, -0.358043566982856, -1.24675147488033, -0.802397520931592, -1.24675147488033, 0.0863103869658787, -2.1354593827778, NA, NA, 0.0863103869658787, -0.358043566982856, NA, 0.0863103869658787, 0.530664340914614, 0.530664340914614, 0.530664340914614, 0.0863103869658787, -0.358043566982856, -1.24675147488033, 0.0863103869658787, 0.0863103869658787, 0.97501829486335, 0.0863103869658787, 0.530664340914614, 0.0863103869658787, -0.802397520931592, 1.86372620276082, 1.86372620276082, 0.0863103869658787, 0.530664340914614, NA, 0.97501829486335, -1.24675147488033, NA, -1.24675147488033, -0.358043566982856, 0.97501829486335, 0.530664340914614, -0.358043566982856, -0.358043566982856, NA, 0.97501829486335, -0.358043566982856, 1.86372620276082, -0.358043566982856, -0.358043566982856, 0.97501829486335, -0.358043566982856, -0.358043566982856, -0.358043566982856, 0.530664340914614, -0.358043566982856, 0.97501829486335, 0.97501829486335, -0.802397520931592, -0.358043566982856, -1.24675147488033, -1.24675147488033, 0.97501829486335, 0.97501829486335, NA, -0.802397520931592, 0.0863103869658787, 0.0863103869658787, -2.1354593827778, -1.24675147488033, 0.0863103869658787, -1.24675147488033, -1.24675147488033, NA, -0.358043566982856, 1.86372620276082, 1.86372620276082, 1.86372620276082, -0.358043566982856, 0.97501829486335, -0.802397520931592, -1.24675147488033, -0.358043566982856, 0.530664340914614, -2.1354593827778, NA, -1.24675147488033, NA, 1.86372620276082, 1.41937224881208, 1.86372620276082, -2.1354593827778, -0.358043566982856, -1.69110542882906, -1.24675147488033, -0.802397520931592, -2.1354593827778, -0.802397520931592, 0.530664340914614, 1.86372620276082, -0.358043566982856, -0.802397520931592, 0.0863103869658787, -0.802397520931592, -0.358043566982856, NA, 0.0863103869658787, -0.358043566982856, 0.0863103869658787, -1.69110542882906, -0.358043566982856, -0.802397520931592, -0.358043566982856, -0.358043566982856, -1.24675147488033, 1.86372620276082, 1.86372620276082, 1.41937224881208, -0.358043566982856, NA, NA, NA, -1.24675147488033, NA, -0.358043566982856, 0.0863103869658787, -0.358043566982856, 0.0863103869658787, -0.358043566982856, 1.41937224881208, -0.358043566982856, -0.358043566982856, 0.97501829486335, -0.358043566982856, 0.530664340914614, -0.802397520931592, -0.358043566982856, 0.0863103869658787, 0.97501829486335, 1.41937224881208, -0.358043566982856, 0.0863103869658787, 0.530664340914614, 0.0863103869658787, -0.358043566982856, 0.530664340914614, -0.358043566982856, 0.530664340914614, 0.530664340914614, 0.0863103869658787, 1.41937224881208, 0.97501829486335, -0.358043566982856, 0.0863103869658787, 1.41937224881208, 0.0863103869658787, 0.530664340914614, 0.0863103869658787, -0.358043566982856, 0.97501829486335, -0.358043566982856, NA, 0.97501829486335, 1.41937224881208, 0.0863103869658787, -0.358043566982856, -0.802397520931592, -0.358043566982856, 1.41937224881208, -0.358043566982856, -0.802397520931592, -1.24675147488033, -1.69110542882906, 0.530664340914614, -0.358043566982856, 0.0863103869658787, -0.802397520931592, 0.97501829486335, -0.358043566982856, 0.0863103869658787, 1.41937224881208, 0.0863103869658787, NA, NA, 0.0863103869658787, -0.802397520931592, -1.24675147488033, 1.41937224881208, 1.41937224881208, 0.97501829486335, 0.97501829486335, 0.530664340914614, -0.802397520931592, -0.802397520931592, NA, -0.358043566982856, -0.358043566982856, -2.1354593827778, -0.358043566982856, 0.97501829486335, -1.69110542882906, -0.358043566982856, -0.358043566982856, 1.86372620276082, -0.358043566982856, -0.358043566982856, -0.802397520931592, 0.530664340914614, 0.0863103869658787, -0.358043566982856, -0.358043566982856, 1.41937224881208, -2.1354593827778, NA, 0.530664340914614, 